0.049230224	16.875
0.058962637	16.875
0.070619068	16.875
0.084579881	16.875
0.101300632	16.875
0.121326939	16.875
0.145312283	16.875
0.174039334	16.875
0.208445487	16.875
0.249653456	16.875
0.299007904	16.875
0.358119323	16.875
0.428916586	16.875
0.513709889	16.875
0.615266136	16.875
0.736899222	16.875
0.882578175	16.875
1.057056667	16.875
1.26602813	16.875
1.516311543	16.875
1.816073943	16.875
2.175096918	16.875
2.6050958	16.875
3.120101948	16.875
3.736920601	16.875
4.47567926	16.875
6.003192612	16.875
8.05203399	16.875
10.80012846	16.875
14.48612548	16.875
19.43012364	16.875
26.06146864	16.875
34.95603837	16.875
46.88625327	16.875
62.88815458	16.875
84.35137616	16.875
113.1398227	16.875
151.7535346	16.875
203.5457961	16.875
273.01434	16.875
366.1919394	16.875
366.1919394	5.625
273.01434	5.625
203.5457961	5.625
151.7535346	5.625
113.1398227	5.625
84.35137616	5.625
62.88815458	5.625
46.88625327	5.625
34.95603837	5.625
26.06146864	5.625
19.43012364	5.625
14.48612548	5.625
10.80012846	5.625
8.05203399	5.625
6.003192612	5.625
4.47567926	5.625
3.736920601	5.625
3.120101948	5.625
2.6050958	5.625
2.175096918	5.625
1.816073943	5.625
1.516311543	5.625
1.26602813	5.625
1.057056667	5.625
0.882578175	5.625
0.736899222	5.625
0.615266136	5.625
0.513709889	5.625
0.428916586	5.625
0.358119323	5.625
0.299007904	5.625
0.249653456	5.625
0.208445487	5.625
0.174039334	5.625
0.145312283	5.625
0.121326939	5.625
0.101300632	5.625
0.084579881	5.625
0.070619068	5.625
0.058962637	5.625
0.049230224	5.625
0.049230224	-5.625
0.058962637	-5.625
0.070619068	-5.625
0.084579881	-5.625
0.101300632	-5.625
0.121326939	-5.625
0.145312283	-5.625
0.174039334	-5.625
0.208445487	-5.625
0.249653456	-5.625
0.299007904	-5.625
0.358119323	-5.625
0.428916586	-5.625
0.513709889	-5.625
0.615266136	-5.625
0.736899222	-5.625
0.882578175	-5.625
1.057056667	-5.625
1.26602813	-5.625
1.516311543	-5.625
1.816073943	-5.625
2.175096918	-5.625
2.6050958	-5.625
3.120101948	-5.625
3.736920601	-5.625
4.47567926	-5.625
6.003192612	-5.625
8.05203399	-5.625
10.80012846	-5.625
14.48612548	-5.625
19.43012364	-5.625
26.06146864	-5.625
34.95603837	-5.625
46.88625327	-5.625
62.88815458	-5.625
84.35137616	-5.625
113.1398227	-5.625
151.7535346	-5.625
203.5457961	-5.625
273.01434	-5.625
366.1919394	-5.625
366.1919394	-16.875
273.01434	-16.875
203.5457961	-16.875
151.7535346	-16.875
113.1398227	-16.875
84.35137616	-16.875
62.88815458	-16.875
46.88625327	-16.875
34.95603837	-16.875
26.06146864	-16.875
19.43012364	-16.875
14.48612548	-16.875
10.80012846	-16.875
8.05203399	-16.875
6.003192612	-16.875
4.47567926	-16.875
3.736920601	-16.875
3.120101948	-16.875
2.6050958	-16.875
2.175096918	-16.875
1.816073943	-16.875
1.516311543	-16.875
1.26602813	-16.875
1.057056667	-16.875
0.882578175	-16.875
0.736899222	-16.875
0.615266136	-16.875
0.513709889	-16.875
0.428916586	-16.875
0.358119323	-16.875
0.299007904	-16.875
0.249653456	-16.875
0.208445487	-16.875
0.174039334	-16.875
0.145312283	-16.875
0.121326939	-16.875
0.101300632	-16.875
0.084579881	-16.875
0.070619068	-16.875
0.058962637	-16.875
0.049230224	-16.875
