43.06569343, -16.875
43.71451744, -16.875
44.36334144, -16.875
45.01216545, -16.875
45.66098946, -16.875
46.30981346, -16.875
46.95863747, -16.875
47.60746148, -16.875
48.25628548, -16.875
48.90510949, -16.875
49.5539335, -16.875
50.2027575, -16.875
50.85158151, -16.875
51.50040552, -16.875
52.14922952, -16.875
52.79805353, -16.875
53.44687753, -16.875
54.09570154, -16.875
54.74452555, -16.875
55.39334955, -16.875
56.04217356, -16.875
56.69099757, -16.875
57.33982157, -16.875
57.98864558, -16.875
58.63746959, -16.875
59.28629359, -16.875
59.9351176, -16.875
60.58394161, -16.875
61.23276561, -16.875
61.88158962, -16.875
62.53041363, -16.875
63.17923763, -16.875
63.82806164, -16.875
64.47688564, -16.875
65.12570965, -16.875
65.77453366, -16.875
66.42335766, -16.875
67.07218167, -16.875
67.72100568, -16.875
68.36982968, -16.875
69.01865369, -16.875
69.6674777, -16.875
70.3163017, -16.875
70.96512571, -16.875
71.61394972, -16.875
72.26277372, -16.875
72.91159773, -16.875
73.56042174, -16.875
74.20924574, -16.875
74.85806975, -16.875
75.50689376, -16.875
76.15571776, -16.875
76.80454177, -16.875
77.45336577, -16.875
78.10218978, -16.875
78.75101379, -16.875
79.39983779, -16.875
80.0486618, -16.875
80.69748581, -16.875
81.34630981, -16.875
81.99513382, -16.875
82.64395783, -16.875
83.29278183, -16.875
83.94160584, -16.875
